id	0	1	2	3	4	5
27	0.67	1.0	1.0	1.0	1.0	1.0
35	0.86	0.71	0.71	0.86	0.86	0.71
36	0.67	0.67	1.0	1.0	0.67	0.67
37	1.0	1.0	1.0	1.0	1.0	1.0
38	1.0	1.0	1.0	1.0	1.0	1.0
39	0.0	0.0	0.0	0.0	0.0	0.0
40	0.0	0.0	0.0	0.0	0.0	0.0
41	1.0	0.67	0.67	0.67	0.67	0.67
42	0.0	0.0	0.0	0.0	0.0	0.0
43	0.0	0.0	0.0	0.0	0.0	0.0
44	0.0	0.0	0.0	0.0	0.0	0.0
45	1.0	1.0	1.0	1.0	1.0	1.0
46	0.67	0.5	0.5	0.5	0.5	0.5
47	0.5	0.5	0.5	0.5	0.5	0.5
48	0.0	0.0	0.0	0.0	0.0	0.0
49	1.0	1.0	1.0	1.0	1.0	1.0
50	1.0	1.0	1.0	1.0	1.0	1.0
51	0.8	0.8	0.8	0.8	0.8	0.8
52	0.33	0.33	0.33	0.33	0.33	0.33
53	0.0	0.0	0.0	0.0	0.0	0.0
54	1.0	1.0	1.0	1.0	1.0	1.0
55	0.5	0.5	0.5	0.5	0.5	0.5
56	1.0	1.0	1.0	1.0	1.0	1.0
57	0.0	0.0	0.0	0.0	0.0	0.0
58	0.0	0.0	0.0	0.0	0.0	0.0
59	1.0	1.0	1.0	1.0	1.0	1.0
60	0.0	0.0	0.0	0.0	0.0	0.0
61	1.0	1.0	1.0	1.0	1.0	1.0
62	1.0	1.0	1.0	1.0	1.0	1.0
63	1.0	1.0	1.0	1.0	1.0	1.0
64	1.0	1.0	1.0	1.0	1.0	1.0
65	0.67	0.67	0.67	0.67	0.67	0.67
66	0.0	0.0	0.0	0.0	0.0	0.0
67	0.6	0.6	0.6	0.6	0.6	0.6
68	0.8	0.6	0.6	0.6	0.6	0.6
69	1.0	1.0	1.0	1.0	1.0	1.0
70	1.0	1.0	1.0	1.0	1.0	1.0
71	0.0	0.0	0.0	0.0	0.0	0.0
72	1.0	1.0	1.0	1.0	1.0	1.0
73	0.67	0.67	0.67	0.67	0.67	0.67
74	0.0	0.0	0.0	0.0	0.0	0.0
75	0.67	0.33	0.33	0.33	0.33	0.33
76	1.0	1.0	1.0	1.0	1.0	1.0
77	0.67	0.67	0.67	0.67	0.67	0.67
78	1.0	1.0	1.0	1.0	1.0	1.0
79	1.0	1.0	1.0	1.0	1.0	1.0
80	0.5	0.5	0.5	0.5	0.5	0.5
81	0.25	0.33	0.33	0.33	0.33	0.33
82	0.67	0.67	0.67	0.67	0.67	0.67
83	0.67	0.67	0.67	0.67	0.67	0.67
84	0.67	0.67	0.67	0.67	0.67	0.67
85	0.67	0.67	0.67	0.67	0.67	0.67
86	1.0	1.0	1.0	1.0	1.0	1.0
87	1.0	1.0	1.0	1.0	1.0	1.0
88	0.67	0.67	0.67	0.67	0.67	0.67
89	0.0	0.0	0.0	0.0	0.0	0.0
90	1.0	1.0	1.0	1.0	1.0	1.0
91	0.67	1.0	1.0	1.0	1.0	1.0
92	0.0	0.0	0.0	0.0	0.0	0.0
93	0.4	0.4	0.4	0.4	0.4	0.4
94	1.0	1.0	1.0	1.0	1.0	1.0
95	1.0	1.0	1.0	1.0	1.0	1.0
96	0.67	0.67	0.67	0.67	0.67	0.67
97	0.67	0.86	0.86	0.86	0.86	0.86
98	0.0	0.0	0.0	0.0	0.0	0.0
99	0.0	0.0	0.0	0.0	0.0	0.0
100	1.0	1.0	1.0	1.0	1.0	1.0
101	0.0	0.0	0.0	0.0	0.0	0.0
102	1.0	1.0	1.0	1.0	1.0	1.0
103	0.0	0.0	0.0	0.0	0.0	0.0
104	1.0	1.0	1.0	1.0	1.0	1.0
105	1.0	1.0	1.0	1.0	1.0	1.0
106	0.6	0.6	0.6	0.6	0.6	0.6
107	1.0	1.0	1.0	1.0	1.0	1.0
108	1.0	1.0	1.0	1.0	1.0	1.0
109	1.0	1.0	1.0	1.0	1.0	1.0
110	1.0	1.0	1.0	1.0	1.0	1.0
111	1.0	1.0	1.0	1.0	1.0	1.0
112	0.0	0.0	0.0	0.0	0.0	0.0
113	0.8	0.8	0.8	0.8	0.8	0.8
114	1.0	1.0	1.0	1.0	1.0	1.0
115	1.0	1.0	1.0	1.0	1.0	1.0
116	0.0	0.0	0.0	0.0	0.0	0.0
117	1.0	1.0	1.0	1.0	1.0	1.0
118	1.0	1.0	1.0	1.0	1.0	1.0
119	0.67	0.67	0.67	0.67	0.67	0.67
120	1.0	1.0	1.0	1.0	1.0	1.0
121	1.0	1.0	1.0	1.0	1.0	1.0
122	1.0	1.0	1.0	1.0	1.0	1.0
123	1.0	1.0	1.0	1.0	1.0	1.0
124	1.0	1.0	1.0	1.0	1.0	1.0
125	0.0	1.0	1.0	1.0	1.0	1.0
126	1.0	1.0	1.0	1.0	1.0	1.0
127	0.5	1.0	1.0	1.0	1.0	1.0
128	1.0	1.0	1.0	1.0	1.0	1.0
129	1.0	1.0	1.0	1.0	1.0	1.0
130	0.5	0.5	0.5	0.5	0.5	0.5
131	1.0	1.0	1.0	1.0	1.0	1.0
132	1.0	1.0	1.0	1.0	1.0	1.0
133	1.0	1.0	1.0	1.0	1.0	1.0
134	1.0	1.0	1.0	1.0	1.0	1.0
135	0.67	0.67	0.67	0.67	0.67	0.67
136	1.0	1.0	1.0	1.0	1.0	1.0
137	0.0	0.0	0.0	0.0	0.0	0.0
138	0.0	0.0	0.0	0.0	0.0	0.0
139	0.5	0.5	0.5	0.5	0.5	0.5
140	0.55	0.55	0.55	0.55	0.55	0.55
141	0.0	0.0	0.0	0.0	0.0	0.0
142	0.5	0.67	0.67	0.67	0.67	0.67
143	1.0	1.0	1.0	1.0	1.0	1.0
144	0.0	0.0	0.0	0.0	0.0	0.0
145	1.0	1.0	1.0	1.0	1.0	1.0
146	0.0	0.0	0.0	0.0	0.0	0.0
147	0.5	0.5	0.5	0.5	0.5	0.5
148	0.5	0.5	0.5	0.5	0.5	0.5
149	0.25	0.0	0.0	0.0	0.0	0.0
150	0.0	0.0	0.0	0.0	0.0	0.0
151	0.0	0.0	0.0	0.0	0.0	0.0
152	1.0	1.0	1.0	1.0	1.0	1.0
153	1.0	1.0	1.0	1.0	1.0	1.0
154	0.0	0.0	0.0	0.0	0.0	0.0
155	0.5	0.5	0.5	0.5	0.5	0.5
156	1.0	1.0	1.0	1.0	1.0	1.0
157	0.0	0.0	0.0	0.0	0.0	0.0
158	0.8	0.8	0.8	0.8	0.8	0.8
159	0.4	0.67	0.67	0.67	0.67	0.67
160	1.0	1.0	1.0	1.0	1.0	1.0
161	0.0	0.0	0.0	0.0	0.0	0.0
162	0.6	0.6	0.6	0.6	0.6	0.6
163	0.0	0.0	0.0	0.0	0.0	0.0
164	1.0	1.0	1.0	1.0	1.0	1.0
165	0.0	0.0	0.0	0.0	0.0	0.0
166	0.0	0.0	0.0	0.0	0.0	0.0
167	1.0	1.0	1.0	1.0	1.0	1.0
168	0.67	0.67	0.67	0.67	0.67	0.67
169	0.0	0.0	0.0	0.0	0.0	0.0
170	1.0	1.0	1.0	1.0	1.0	1.0
171	1.0	1.0	1.0	1.0	1.0	1.0
172	0.8	0.8	0.8	0.8	0.8	0.8
173	1.0	1.0	1.0	1.0	1.0	1.0
174	0.8	0.8	0.8	0.8	0.8	0.8
175	0.5	0.5	0.5	0.5	0.5	0.5
176	0.0	0.0	0.0	0.0	0.0	0.0
177	0.5	0.5	0.5	0.5	0.5	0.5
178	0.75	0.75	0.75	0.75	0.75	0.75
179	1.0	1.0	1.0	1.0	1.0	1.0
180	0.67	0.71	0.83	0.83	0.83	0.83
181	0.5	0.5	0.5	0.5	0.5	0.5
182	1.0	1.0	1.0	1.0	1.0	1.0
183	0.67	0.67	0.67	0.67	0.67	0.67
184	0.33	0.33	0.33	0.33	0.33	0.33
185	1.0	1.0	1.0	1.0	1.0	1.0
186	1.0	1.0	1.0	1.0	1.0	1.0
187	0.29	0.29	0.29	0.29	0.29	0.29
188	0.8	0.5	0.8	0.8	0.8	0.8
189	0.71	0.71	0.71	0.71	0.71	0.71
190	1.0	1.0	1.0	1.0	1.0	1.0
191	0.67	0.67	0.67	0.67	0.67	0.67
192	0.8	0.8	0.8	0.8	0.8	0.8
193	0.67	1.0	1.0	1.0	1.0	1.0
194	0.67	0.67	0.67	0.67	0.67	0.67
195	1.0	1.0	1.0	1.0	1.0	1.0
196	1.0	0.67	0.67	0.67	0.67	0.67
197	0.17	0.0	0.0	0.0	0.0	0.0
198	0.67	0.67	0.67	0.67	0.67	0.67
199	0.4	0.4	0.4	0.4	0.4	0.4
200	0.8	0.8	0.8	0.8	0.8	0.8
201	0.6	0.6	0.6	0.6	0.6	0.6
202	1.0	1.0	1.0	1.0	1.0	1.0
203	1.0	1.0	1.0	1.0	1.0	1.0
204	1.0	1.0	1.0	1.0	1.0	1.0
205	0.67	0.67	0.67	0.67	0.67	0.67
206	0.0	0.0	0.0	0.0	0.0	0.0
207	1.0	1.0	1.0	1.0	1.0	1.0
208	1.0	1.0	1.0	1.0	1.0	1.0
209	1.0	1.0	1.0	1.0	1.0	1.0
210	1.0	1.0	1.0	1.0	1.0	1.0
211	1.0	1.0	1.0	1.0	1.0	1.0
212	0.0	0.0	0.0	0.0	0.0	0.0
213	1.0	1.0	1.0	1.0	1.0	1.0
214	0.0	0.0	0.0	0.0	0.0	0.0
215	1.0	1.0	1.0	1.0	1.0	1.0
216	0.0	0.0	0.0	0.0	0.0	0.0
217	0.0	0.0	0.0	0.0	0.0	0.0
218	0.67	0.67	0.67	0.67	0.67	0.67
219	0.86	0.86	0.86	0.86	0.86	0.86
220	0.67	0.67	0.67	0.67	0.67	0.67
221	0.8	0.8	0.8	0.8	0.8	0.8
222	1.0	1.0	1.0	1.0	1.0	1.0
223	0.5	1.0	1.0	1.0	1.0	1.0
224	0.0	1.0	1.0	1.0	1.0	1.0
225	0.0	0.0	0.0	0.0	0.0	0.0
226	1.0	1.0	1.0	1.0	1.0	1.0
227	0.67	0.67	0.67	0.67	0.67	0.67
228	1.0	1.0	1.0	1.0	1.0	1.0
229	1.0	1.0	1.0	1.0	1.0	1.0
230	0.0	0.0	0.0	0.0	0.0	0.0
231	0.0	0.0	0.0	0.0	0.0	0.0
232	1.0	1.0	1.0	1.0	1.0	1.0
233	0.5	0.5	0.5	0.5	0.5	0.5
234	1.0	1.0	1.0	1.0	1.0	1.0
235	1.0	0.0	1.0	1.0	1.0	1.0
236	1.0	1.0	1.0	1.0	1.0	1.0
237	1.0	1.0	1.0	1.0	1.0	1.0
238	0.5	0.5	0.5	0.5	0.5	0.5
239	0.0	1.0	1.0	1.0	1.0	1.0
240	0.33	0.33	0.33	0.33	0.33	0.33
241	1.0	1.0	1.0	1.0	1.0	1.0
242	0.4	0.4	0.4	0.4	0.4	0.4
243	0.0	0.0	0.0	0.0	0.0	0.0
244	1.0	1.0	1.0	1.0	1.0	1.0
245	1.0	1.0	1.0	1.0	1.0	1.0
246	1.0	1.0	1.0	1.0	1.0	1.0
247	1.0	1.0	1.0	1.0	1.0	1.0
248	0.33	0.33	0.33	0.33	0.33	0.33
249	1.0	1.0	1.0	1.0	1.0	1.0
250	1.0	1.0	1.0	1.0	1.0	1.0
251	0.0	0.0	0.0	0.0	0.0	0.0
252	0.0	0.0	0.0	0.0	0.0	0.0
253	0.0	0.0	0.0	0.0	0.0	0.0
254	0.0	0.0	0.0	0.0	0.0	0.0
255	1.0	1.0	1.0	1.0	1.0	1.0
256	1.0	0.0	0.0	0.0	0.0	0.0
257	1.0	1.0	1.0	1.0	1.0	1.0
258	0.0	0.0	0.0	0.0	0.0	0.0
259	0.8	0.8	0.8	0.8	0.8	0.8
260	1.0	1.0	1.0	1.0	1.0	1.0
261	1.0	1.0	1.0	1.0	1.0	1.0
262	0.5	0.5	0.5	0.5	0.5	0.5
263	1.0	1.0	1.0	1.0	1.0	1.0
264	0.33	0.33	0.33	0.33	0.33	0.33
265	1.0	1.0	1.0	1.0	1.0	1.0
266	1.0	1.0	1.0	1.0	1.0	1.0
267	0.0	0.0	0.0	0.0	0.0	0.0
268	1.0	1.0	1.0	1.0	1.0	1.0
269	1.0	1.0	1.0	1.0	1.0	1.0
270	0.67	0.67	0.67	0.67	0.67	0.67
271	0.67	0.67	0.67	0.67	0.67	0.67
272	0.67	0.5	0.5	0.5	0.5	0.5
273	0.67	0.67	0.67	0.67	0.67	0.67
274	1.0	1.0	1.0	1.0	1.0	1.0
275	0.0	0.0	0.0	0.0	0.0	0.0
276	1.0	1.0	1.0	1.0	1.0	1.0
277	1.0	1.0	1.0	1.0	1.0	1.0
278	1.0	1.0	1.0	1.0	1.0	1.0
279	0.5	0.5	0.5	0.5	0.5	0.5
280	0.8	0.8	0.8	0.8	0.8	0.8
281	1.0	1.0	1.0	1.0	1.0	1.0
282	0.33	0.33	0.33	0.33	0.33	0.33
283	0.67	0.67	0.67	0.67	0.67	0.67
284	0.75	0.75	0.75	0.75	0.75	0.75
285	1.0	0.67	0.67	0.67	0.67	0.67
286	0.67	0.67	0.67	0.67	0.67	0.67
287	0.33	0.33	0.33	0.33	0.33	0.33
288	0.33	0.33	0.33	0.33	0.33	0.33
289	0.5	0.5	0.5	0.5	0.5	0.5
290	0.5	0.5	0.5	0.5	0.5	0.5
291	1.0	1.0	1.0	1.0	1.0	1.0
292	1.0	1.0	1.0	1.0	1.0	1.0
293	1.0	1.0	1.0	1.0	1.0	1.0
294	0.25	0.33	0.33	0.33	0.33	0.33
295	0.8	0.8	0.8	0.8	0.8	0.8
296	0.86	0.86	0.86	0.86	0.86	0.86
297	0.67	0.67	0.67	0.67	0.67	0.67
298	0.8	0.8	0.8	0.8	0.8	0.8
299	0.67	0.67	0.67	0.67	0.67	0.67
300	0.67	0.67	0.67	0.67	0.67	0.67
301	0.0	0.0	0.0	0.0	0.0	0.0
302	0.67	0.67	0.67	0.67	0.67	0.67
303	1.0	1.0	1.0	1.0	1.0	1.0
304	0.5	0.8	0.8	0.8	0.8	0.8
305	0.67	0.75	0.75	0.75	0.75	0.75
306	0.4	0.4	0.4	0.4	0.4	0.4
307	0.33	0.67	0.67	0.67	0.67	0.67
308	1.0	1.0	1.0	1.0	1.0	1.0
309	0.5	0.5	0.5	0.5	0.5	0.5
310	0.67	0.67	0.67	0.67	0.67	0.67
311	0.67	0.67	0.67	0.67	0.67	0.67
312	0.5	0.5	0.5	0.5	0.5	0.5
313	1.0	1.0	1.0	1.0	1.0	1.0
314	0.67	0.67	0.67	0.67	0.67	0.67
315	1.0	1.0	1.0	1.0	1.0	1.0
316	0.8	0.8	0.8	0.8	0.8	0.8
317	1.0	1.0	1.0	1.0	1.0	1.0
318	0.5	0.5	0.5	0.5	0.5	0.5
319	0.67	0.67	0.67	0.67	0.67	0.67
320	0.0	0.0	0.0	0.0	0.0	0.0
321	1.0	1.0	1.0	1.0	1.0	1.0
322	0.4	0.5	0.5	0.5	0.5	0.5
323	1.0	1.0	1.0	1.0	1.0	1.0
324	1.0	1.0	1.0	1.0	1.0	1.0
325	1.0	1.0	1.0	1.0	1.0	1.0
326	1.0	1.0	1.0	1.0	1.0	1.0
327	1.0	1.0	1.0	1.0	1.0	1.0
328	1.0	1.0	1.0	1.0	1.0	1.0
329	0.67	0.67	0.67	0.67	0.67	0.67
330	0.5	0.5	0.5	0.5	0.5	0.5
331	1.0	1.0	1.0	1.0	1.0	1.0
332	1.0	1.0	1.0	1.0	1.0	1.0
333	1.0	1.0	1.0	1.0	1.0	1.0
334	0.6	0.6	0.6	0.6	0.6	0.6
335	1.0	1.0	1.0	1.0	1.0	1.0
336	1.0	1.0	1.0	1.0	1.0	1.0
337	1.0	1.0	1.0	1.0	1.0	1.0
338	1.0	1.0	1.0	1.0	1.0	1.0
339	0.67	0.67	0.67	0.67	0.67	0.67
340	1.0	1.0	1.0	1.0	1.0	1.0
341	0.67	0.67	0.67	0.67	0.67	0.67
342	0.5	0.5	0.5	0.5	0.5	0.5
343	1.0	1.0	1.0	1.0	1.0	1.0
344	0.67	1.0	1.0	1.0	1.0	1.0
345	0.67	0.67	0.67	0.67	0.67	0.67
346	1.0	1.0	1.0	1.0	1.0	1.0
347	1.0	1.0	1.0	1.0	1.0	1.0
348	1.0	1.0	1.0	1.0	1.0	1.0
349	1.0	1.0	1.0	1.0	1.0	1.0
350	1.0	1.0	1.0	1.0	1.0	1.0
351	0.0	0.0	0.0	0.0	0.0	0.0
352	0.0	0.0	0.0	0.0	0.0	0.0
353	0.67	0.67	0.67	0.67	0.67	0.67
354	0.0	0.0	0.0	0.0	0.0	0.0
355	0.67	0.67	0.67	0.67	0.67	0.67
356	0.0	0.4	0.4	0.4	0.4	0.4
357	0.0	0.0	1.0	1.0	1.0	1.0
358	1.0	1.0	1.0	1.0	1.0	1.0
359	0.0	0.0	0.0	0.0	0.0	0.0
360	1.0	1.0	1.0	1.0	1.0	1.0
361	0.0	0.0	0.0	0.0	0.0	0.0
362	0.5	0.5	0.5	0.5	0.5	0.5
363	0.0	0.67	0.67	0.67	0.67	0.67
